1527869100 1527872700 1527873900
1527873000 1527873600 1527874800
1527873300 1527874200 1527875700
1527876600 1527879900 1527881700
1527882900 1527886200 1527888300
1527883200 1527885600 1527887400
1527883500 1527885600 1527887700
1527883800 1527886200 1527887700
1527885300 1527888300 1527889800
1527885600 1527888600 1527890100
1527885900 1527889200 1527890700
1527886200 1527890700 1527892500
1527888600 1527891900 1527892800
1527888900 1527892500 1527893700
1527890700 1527892800 1527894000
1527892500 1527898200 1527900900
1527906900 1527907200 1527908700
1527919800 1527921300 1527922500
1527920400 1527922500 1527924000
1527925200 1527929100 1527930300
1527928500 1527930300 1527931800
1527930900 1527933900 1527935400
1527931200 1527934500 1527936300
1527931500 1527935100 1527936600
1527931800 1527935700 1527937500
1527932100 1527936000 1527937500
1527934200 1527937800 1527939000
1527934500 1527938400 1527939600
1527934800 1527938700 1527940200
1527935400 1527939600 1527941100
1527939300 1527942300 1527944100
1527942900 1527946500 1527947700
1527945600 1527946200 1527947400
1527946200 1527947100 1527948600
1527946500 1527948000 1527949500
1527946800 1527948600 1527950100
1527947100 1527949200 1527951300
1527947400 1527948900 1527951000
1527947700 1527948300 1527950400
1527948300 1527951600 1527953700
1527948600 1527952200 1527954300
1527948900 1527952200 1527954000
1527952200 1527955500 1527957000
1527952800 1527956100 1527957300
1527953400 1527956700 1527957900
1527953700 1527957000 1527958200
1527953700 1527957300 1527958500
1527954300 1527957900 1527959100
1527955200 1527959100 1527960300
1527958200 1527960000 1527961200
1527958500 1527960300 1527961500
1527958800 1527960300 1527961800
1527962700 1527963900 1527964800
1527963900 1527966000 1527967200
1527964200 1527966600 1527967800
1527965100 1527969900 1527971400
1527966000 1527972900 1527975000
1527966900 1527970200 1527971700
1527967200 1527971100 1527972300
1527968100 1527971700 1527972600
1527973200 1527974700 1527975900
1527973500 1527975000 1527976500
1527986400 1527987900 1527988800
1527987900 1527990300 1527991500
1527990900 1527993900 1527994800
1527991500 1527992700 1527993600
1527991800 1527993000 1527993900
1528000800 1528001100 1528002300
1528001100 1528003800 1528005600
1528001400 1528004700 1528006800
1528001700 1528004100 1528005300
1528002000 1528003800 1528005600
1528006200 1528009200 1528010100
1528011900 1528012200 1528013700
1528012200 1528014300 1528015800
1528016700 1528019700 1528020600
1528017000 1528020300 1528021500
1528017600 1528020900 1528022100
1528023900 1528027200 1528028400
1528024200 1528025700 1528026600
1528025700 1528028700 1528030200
1528027200 1528034400 1528035000
1528029300 1528030500 1528031400
1528029600 1528031100 1528032000
1528029900 1528031400 1528032600
1528031700 1528035000 1528036500
1528032000 1528035300 1528036800
1528032000 1528036500 1528037700
1528032300 1528036200 1528037700
1528032600 1528035000 1528035900
1528034400 1528035900 1528036800
1528035300 1528038900 1528040100
1528035600 1528038300 1528039500
1528035900 1528039800 1528041300
1528038000 1528040700 1528041300
1528038300 1528041600 1528042500
1528038600 1528041600 1528042500
1528039200 1528042500 1528043400
1528041300 1528041600 1528042500
1528046400 1528049700 1528050600
1528047000 1528050300 1528051500
1528047000 1528050600 1528051800
1528047600 1528051500 1528052700
1528050300 1528051500 1528053000
1528059000 1528062300 1528063800
1528059300 1528062600 1528064100
1528059600 1528064100 1528066500
1528062900 1528066200 1528067400
1528063200 1528067100 1528068300
1528066200 1528071300 1528073100
1528066500 1528067100 1528069200
1528066800 1528069200 1528071300
1528067100 1528068900 1528071000
1528067400 1528068300 1528069800
1528067700 1528069500 1528071000
1528073400 1528075800 1528077000
1528074900 1528077300 1528077900
1528078800 1528079400 1528080300
1528084200 1528087200 1528088100
1528084500 1528088100 1528089000
1528084800 1528088400 1528089600
1528085100 1528088700 1528089900
1528085400 1528089300 1528090800
1528089900 1528090500 1528092300
1528090200 1528091400 1528093500
1528090500 1528092600 1528094100
1528090800 1528092600 1528094100
1528091100 1528093200 1528095000
1528102200 1528103400 1528104300
1528110900 1528116000 1528117800
1528112400 1528119600 1528121400
1528113000 1528115700 1528117800
1528113300 1528115700 1528117200
1528113600 1528116900 1528119000
1528113900 1528116300 1528117800
1528114200 1528116000 1528118100
1528121700 1528125300 1528126500
1528124700 1528125300 1528125900
1528125000 1528127100 1528128000
1528125300 1528126800 1528128300
1528125600 1528127400 1528128600
1528125900 1528127700 1528128900
1528126200 1528128300 1528129500
1528131000 1528134600 1528135800
1528133100 1528136700 1528138200
1528133400 1528137300 1528138800
1528134000 1528137900 1528139400
1528134900 1528138200 1528139700
1528142400 1528148400 1528149000
1528142700 1528143600 1528144500
1528143000 1528144200 1528144800
1528143300 1528144800 1528145700
1528148100 1528151400 1528152300
1528148400 1528152000 1528153200
1528152000 1528152600 1528153800
1528152300 1528153800 1528155300
1528152600 1528154700 1528156200
1528156800 1528159200 1528160400
1528156800 1528160100 1528161000
1528158300 1528162800 1528164000
1528160100 1528165200 1528167300
1528161000 1528165800 1528167600
1528161300 1528164600 1528166100
1528161600 1528165200 1528166700
1528162200 1528167000 1528169400
1528168500 1528169700 1528170900
1528178700 1528182000 1528183200
1528179300 1528182900 1528184100
1528180200 1528183200 1528184400
1528182300 1528184700 1528185600
1528182600 1528185300 1528186200
1528182900 1528186500 1528188300
1528185300 1528186500 1528187100
1528187400 1528188600 1528189500
1528187700 1528188900 1528190100
1528188000 1528189200 1528190400
1528188300 1528189800 1528191000
1528192800 1528196400 1528197600
1528192800 1528196400 1528197600
1528195800 1528199400 1528200600
1528199400 1528201200 1528202700
1528204200 1528207500 1528208400
1528204800 1528208400 1528209600
1528210200 1528210800 1528212300
1528216200 1528221000 1528222500
1528216500 1528224300 1528225200
1528219200 1528224300 1528225500
1528219500 1528221000 1528221900
1528225500 1528229400 1528230600
1528226400 1528230900 1528232700
1528227000 1528232400 1528234500
1528227900 1528235400 1528236300
1528228500 1528233000 1528234500
1528228500 1528236000 1528236900
1528228800 1528232400 1528234200
1528229100 1528232700 1528234800
1528234500 1528236000 1528236900
1528234800 1528236300 1528237500
1528235100 1528236900 1528238100
1528237200 1528240200 1528241700
1528237500 1528240800 1528242300
1528248900 1528251600 1528252800
1528250700 1528253100 1528254000
1528251600 1528255200 1528257300
1528251900 1528256100 1528258500
1528252200 1528256400 1528258500
1528260600 1528263600 1528265100
1528260900 1528263900 1528265400
1528261200 1528264200 1528265700
1528263900 1528267800 1528269000
1528264500 1528268400 1528269600
1528266600 1528267800 1528268700
1528266900 1528268400 1528269600
1528269300 1528272300 1528273800
1528269600 1528272900 1528274400
1528269900 1528273200 1528274700
1528270200 1528273800 1528275300
1528270500 1528275300 1528277100
1528270800 1528275300 1528277400
1528272300 1528275600 1528276500
1528276500 1528276800 1528278300
1528278300 1528278900 1528280700
1528278600 1528280400 1528282200
1528278900 1528280700 1528282500
1528284000 1528287600 1528288800
1528288500 1528288800 1528290000
1528288800 1528293600 1528295100
1528296000 1528299000 1528301100
1528296300 1528299600 1528301400
1528300500 1528304100 1528305600
1528302600 1528303800 1528304400
1528302900 1528304100 1528305300
1528305600 1528309200 1528310700
1528305900 1528308300 1528309200
1528309500 1528313400 1528314600
1528312500 1528314000 1528315800
1528312800 1528314600 1528316100
1528313100 1528315200 1528316700
1528316100 1528318500 1528320300
1528316400 1528322100 1528322700
1528316700 1528317900 1528318800
1528317900 1528320000 1528321200
1528319400 1528324500 1528326300
1528320000 1528324500 1528325700
1528320300 1528323900 1528325700
1528320900 1528324500 1528326000
1528321500 1528325100 1528326300
1528322100 1528323600 1528324500
1528323900 1528327800 1528329600
1528331100 1528334400 1528335900
1528338000 1528345800 1528346700
1528338600 1528339200 1528340700
1528338900 1528341600 1528343700
1528339200 1528341600 1528343100
1528339500 1528341300 1528343400
1528343700 1528347300 1528348500
1528348200 1528350000 1528351200
1528348500 1528350300 1528351500
1528348800 1528350300 1528351800
1528349100 1528350000 1528351500
1528351500 1528353000 1528354500
1528353900 1528355400 1528356300
1528355100 1528357200 1528358400
1528355400 1528358100 1528359300
1528356000 1528358700 1528359900
1528365600 1528370400 1528372800
1528371000 1528372500 1528373700
1528371300 1528372200 1528373400
1528373400 1528373700 1528375200
1528373700 1528374600 1528376100
1528374000 1528376400 1528377900
1528374300 1528376700 1528378200
1528378200 1528381800 1528383300
1528378200 1528382100 1528383300
1528378800 1528381800 1528383000
1528383900 1528386000 1528386900
1528384200 1528386000 1528387200
1528384500 1528386300 1528387800
1528393800 1528399500 1528402200
1528394700 1528397700 1528399500
1528394700 1528402500 1528403400
1528395000 1528397100 1528399200
1528395300 1528398600 1528401000
1528395600 1528398600 1528401000
1528401900 1528402800 1528403400
1528407900 1528410900 1528412100
