1537203900 1537207500 1537208400
1537204200 1537207800 1537208700
1537205400 1537210500 1537212000
1537205700 1537208700 1537209900
1537210800 1537214700 1537216800
1537218000 1537219200 1537220100
1537227900 1537228500 1537229700
1537228500 1537234500 1537236900
1537228500 1537234500 1537236900
1537230600 1537231800 1537232700
1537239900 1537241400 1537242900
1537240200 1537242300 1537243800
1537240500 1537242900 1537244400
1537240800 1537243200 1537244700
1537244400 1537247400 1537248300
1537245000 1537248300 1537249500
1537247100 1537248000 1537248900
1537247400 1537248600 1537249500
1537247700 1537248600 1537249500
1537249800 1537252800 1537254300
1537250100 1537253100 1537254600
1537250400 1537253700 1537255200
1537250700 1537254000 1537255800
1537251000 1537254600 1537256700
1537256700 1537257000 1537258500
1537257000 1537257600 1537259100
1537257600 1537258800 1537260600
1537257900 1537260000 1537261500
1537258200 1537260600 1537262400
1537258500 1537260900 1537262400
1537258800 1537261500 1537263000
1537259100 1537261800 1537263300
1537259400 1537262700 1537264200
1537259700 1537263000 1537264500
1537260000 1537263300 1537264800
1537260300 1537263600 1537265100
1537262700 1537266000 1537266900
1537266000 1537267200 1537268100
1537266300 1537267200 1537267800
1537266900 1537269000 1537270800
1537267200 1537269600 1537271400
1537267500 1537269000 1537270800
1537267800 1537268400 1537270200
1537269000 1537273800 1537275000
1537281600 1537283100 1537284600
1537281900 1537283700 1537285200
1537282200 1537284300 1537285800
1537284900 1537288500 1537290000
1537287300 1537290900 1537292100
1537287900 1537291800 1537293000
1537290300 1537291500 1537292400
1537290600 1537292100 1537293300
1537290900 1537293000 1537294200
1537293000 1537295700 1537297500
1537293300 1537296000 1537297800
1537293600 1537296900 1537298700
1537293900 1537297500 1537299600
1537299900 1537305300 1537308000
1537300200 1537302900 1537304400
1537300500 1537303800 1537305300
1537300800 1537304100 1537305900
1537301100 1537304400 1537306200
1537301400 1537305000 1537307100
1537308900 1537310100 1537311900
1537309200 1537311000 1537312800
1537309500 1537311300 1537313400
1537310100 1537312800 1537314900
1537310400 1537313400 1537315200
1537313700 1537317600 1537319100
1537320300 1537323900 1537324800
1537323600 1537324200 1537325100
1537324200 1537324800 1537326000
1537324500 1537325700 1537326900
1537329000 1537332000 1537333200
1537329600 1537333200 1537334400
1537334100 1537337400 1537338900
1537334400 1537338000 1537339500
1537340700 1537342200 1537343400
1537341000 1537342200 1537343400
1537341300 1537342500 1537344000
1537341600 1537343100 1537344600
1537341900 1537343400 1537344900
1537342200 1537344000 1537345500
1537342800 1537345500 1537347000
1537343100 1537345800 1537347300
1537343400 1537346700 1537348200
1537343700 1537347300 1537349100
1537344000 1537348500 1537350600
1537350000 1537354500 1537356600
1537350900 1537353600 1537355400
1537351200 1537354200 1537356000
1537351500 1537354800 1537356300
1537351800 1537355100 1537356600
1537352100 1537355700 1537357200
1537352400 1537355700 1537357200
1537352700 1537356000 1537357500
1537353000 1537356000 1537357500
1537356000 1537359600 1537361100
1537356600 1537360500 1537361700
1537357200 1537361400 1537362600
1537358100 1537359000 1537359600
1537360200 1537363200 1537364700
1537360800 1537363800 1537365300
1537361100 1537364400 1537366200
1537361400 1537365300 1537366800
1537363200 1537366800 1537368000
1537363500 1537367100 1537368000
1537364400 1537368600 1537370100
1537365600 1537370700 1537372500
1537370100 1537372800 1537374300
1537374300 1537378200 1537379400
1537374600 1537378500 1537379700
1537376400 1537380600 1537382100
1537379700 1537381500 1537383000
1537380000 1537380900 1537382400
1537413600 1537414800 1537415700
1537415400 1537418100 1537419300
1537419900 1537422600 1537424400
1537425600 1537426500 1537427400
1537425900 1537427100 1537428300
1537428600 1537432500 1537434000
1537430700 1537434000 1537434900
1537431300 1537434900 1537436100
1537431600 1537435500 1537437000
1537436400 1537439400 1537440900
1537436700 1537440000 1537441800
1537444200 1537446900 1537448400
1537444500 1537446900 1537448700
1537444800 1537447500 1537449300
1537445100 1537447800 1537449600
1537445400 1537448700 1537450200
1537445700 1537448400 1537450500
1537447200 1537450500 1537451700
1537447200 1537450800 1537452000
1537449900 1537453800 1537455300
1537451100 1537454700 1537457100
1537451400 1537454100 1537455600
1537451700 1537454100 1537455600
1537453200 1537456500 1537458000
1537453500 1537456800 1537458300
1537453800 1537457100 1537458600
1537454100 1537457400 1537459200
1537454400 1537457700 1537459500
1537454700 1537459200 1537461000
1537461900 1537464000 1537465800
1537462200 1537465200 1537467000
1537462500 1537465500 1537467600
1537462800 1537466100 1537468200
1537469700 1537472400 1537473900
1537470000 1537472700 1537474500
1537470300 1537473600 1537475400
1537470600 1537473900 1537476000
1537470900 1537473900 1537475700
1537488300 1537493100 1537494600
1537488900 1537490100 1537491600
1537489500 1537492200 1537493700
1537489800 1537492500 1537494300
1537490100 1537492200 1537494300
1537490400 1537493400 1537495800
1537494000 1537497900 1537499400
1537499400 1537503000 1537504500
1537503300 1537507200 1537508400
1537505400 1537509300 1537510800
1537506600 1537512600 1537515300
1537509000 1537510200 1537511100
1537509300 1537511100 1537512000
1537512300 1537514700 1537515600
1537518300 1537521000 1537522500
1537518900 1537521900 1537524000
1537518900 1537526700 1537527600
1537519200 1537522500 1537524600
1537519500 1537522800 1537525200
1537519800 1537523100 1537525500
1537520100 1537523400 1537525800
1537520400 1537523700 1537525500
1537520700 1537524300 1537525800
1537522200 1537526100 1537527000
1537523100 1537526400 1537527900
1537524300 1537528500 1537530000
1537525500 1537530000 1537531500
1537526100 1537530900 1537533000
1537528200 1537529400 1537531200
1537528500 1537529100 1537530900
1537528800 1537531200 1537532700
1537533600 1537536900 1537538100
1537536900 1537537800 1537539000
1537539300 1537542000 1537543500
1537539600 1537542600 1537544100
1537539900 1537542900 1537544700
1537540200 1537543800 1537545600
1537540500 1537544100 1537546200
1537540800 1537545600 1537547700
1537542900 1537546500 1537548000
1537547700 1537553400 1537555800
1537548600 1537551600 1537553700
1537549200 1537551600 1537553400
1537557000 1537559400 1537561500
1537557300 1537560000 1537562100
1537557600 1537559700 1537561800
1537562700 1537566000 1537567200
1537563600 1537567500 1537568700
1537574700 1537578000 1537579500
1537575000 1537578300 1537579500
1537575300 1537577400 1537579500
1537575600 1537578300 1537580400
1537575900 1537578600 1537580700
1537579200 1537582800 1537583700
1537579800 1537583700 1537584900
1537595400 1537596600 1537597500
1537598700 1537601400 1537602300
1537601700 1537602900 1537603800
1537619100 1537620600 1537621500
1537627200 1537631100 1537632600
1537627800 1537632000 1537633200
1537628400 1537632300 1537633800
1537628700 1537632900 1537634400
1537629600 1537631400 1537633500
1537629900 1537632600 1537634700
1537630200 1537633200 1537635300
1537630500 1537633800 1537635900
1537630800 1537634100 1537635900
1537631100 1537634400 1537636200
1537632300 1537635600 1537637100
1537641300 1537644600 1537646400
1537666200 1537669800 1537670700
1537666500 1537670100 1537671300
1537667400 1537671600 1537672800
1537668000 1537672500 1537674000
1537670700 1537671900 1537673400
1537671000 1537672200 1537673700
1537671300 1537673400 1537674900
1537680000 1537681800 1537683300
1537682400 1537684800 1537685400
1537683000 1537688700 1537689300
1537683300 1537683900 1537684500
1537688400 1537691700 1537692600
1537688700 1537692300 1537693200
1537689600 1537693500 1537694700
1537694100 1537697100 1537698600
1537694400 1537698000 1537699800
1537694700 1537699200 1537701300
1537700700 1537702500 1537704000
1537701000 1537704000 1537705500
1537701300 1537704300 1537705800
1537701600 1537702800 1537704300
1537701900 1537702500 1537704000
1537707900 1537708500 1537710000
1537708200 1537710000 1537711200
1537708500 1537710000 1537711500
1537708800 1537710600 1537711800
1537709100 1537711200 1537712700
1537710600 1537713600 1537715100
1537710900 1537713900 1537715400
1537711200 1537714500 1537716000
1537711500 1537715100 1537716600
1537711800 1537716000 1537717500
1537713600 1537716900 1537718100
1537714200 1537718100 1537719300
1537714500 1537718400 1537719600
1537719600 1537722300 1537724100
1537719900 1537722900 1537724700
1537720200 1537723500 1537725600
1537720500 1537724100 1537725900
1537722900 1537726500 1537727400
1537723500 1537727700 1537729200
1537728300 1537731000 1537733100
1537772700 1537773600 1537774500
1537773000 1537774200 1537775400
1537776000 1537778700 1537779300
1537778700 1537779900 1537780800
1537782000 1537785300 1537787100
1537782600 1537787700 1537789200
1537788300 1537789500 1537790400
1537788600 1537789800 1537790700
1537788900 1537790100 1537791000
1537790100 1537794900 1537796700
1537791600 1537795200 1537796700
1537791900 1537794900 1537796400
1537792200 1537795500 1537797000
1537792500 1537797600 1537799400
1537798500 1537804200 1537806600
1537798800 1537799700 1537801200
1537799100 1537801200 1537802700
1537799400 1537801500 1537803300
1537801200 1537804200 1537805700
1537801500 1537804800 1537806300
1537804200 1537807800 1537809000
1537806900 1537808400 1537809300
1537809600 1537810800 1537812300
1537809900 1537813500 1537815000
1537812300 1537813500 1537814400
1537812600 1537814100 1537815000
1537812600 1537815900 1537817100
1537812900 1537816500 1537817700
1537813800 1537818900 1537820400
1537815000 1537821900 1537822800
1537826700 1537829100 1537830600
1537831500 1537833000 1537833900
1537837200 1537840800 1537841700
1537842300 1537842900 1537844400
1537842600 1537843800 1537845300
1537845600 1537846800 1537847700
1537845900 1537847100 1537848000
1537851300 1537854600 1537855800
1537851900 1537855500 1537856700
1537858800 1537859700 1537860600
1537862400 1537868700 1537871100
1537863900 1537867500 1537869300
1537864200 1537867500 1537869000
1537868100 1537869600 1537870500
1537872300 1537875300 1537876500
1537872600 1537874700 1537876500
1537872900 1537874700 1537876500
1537877700 1537881000 1537881900
1537878000 1537881600 1537882800
1537880700 1537881900 1537882800
1537881000 1537882200 1537883100
1537881300 1537883100 1537884300
1537883700 1537886700 1537888200
1537884000 1537887300 1537888800
1537884300 1537888200 1537890000
1537884600 1537889100 1537890900
1537886100 1537889700 1537890600
1537888200 1537889100 1537890300
1537890900 1537896900 1537899300
1537891800 1537897800 1537900200
1537892100 1537894500 1537896600
1537892400 1537895400 1537897500
1537892700 1537896300 1537898400
1537893000 1537896300 1537898700
1537893300 1537896300 1537898100
1537893600 1537897800 1537900200
1537895100 1537899300 1537900500
1537895400 1537899000 1537900200
1537899300 1537904700 1537907100
1537900800 1537902900 1537905000
1537901100 1537903200 1537905000
1537901400 1537903500 1537905300
1537901700 1537903800 1537905600
1537905900 1537909800 1537911300
1537914900 1537918200 1537919100
1537929000 1537931100 1537933200
1537939500 1537942800 1537944600
1537939800 1537944600 1537946400
1537942200 1537946100 1537947600
1537943400 1537947300 1537948800
1537943400 1537947600 1537949100
1537945800 1537947300 1537948500
1537946100 1537947600 1537948800
1537946400 1537948500 1537950000
1537946700 1537948800 1537950300
1537947000 1537949100 1537950600
1537948200 1537951500 1537953000
1537948500 1537951500 1537953000
1537948800 1537952100 1537953600
1537949100 1537952400 1537953900
1537951800 1537955700 1537956900
1537953900 1537956600 1537957800
1537954500 1537957500 1537959000
1537955700 1537958400 1537960200
1537956000 1537959900 1537961700
1537956300 1537960200 1537962300
1537956900 1537960500 1537962300
1537957500 1537960200 1537962300
1537957800 1537960200 1537962000
1537958100 1537960200 1537962300
1537965000 1537967100 1537968000
1537966200 1537970700 1537972500
